1,[  0.00000000e+000   0.00000000e+000   0.00000000e+000   0.00000000e+000
   0.00000000e+000   0.00000000e+000   0.00000000e+000   1.23885072e-108
   1.03073246e-010   4.02091001e-014   2.03128779e-264   0.00000000e+000
   0.00000000e+000   0.00000000e+000   1.00000000e+000   0.00000000e+000]
1,[  0.00000000e+000   0.00000000e+000   0.00000000e+000   0.00000000e+000
   0.00000000e+000   0.00000000e+000   0.00000000e+000   1.71718380e-104
   2.85112880e-010   2.29941651e-013   0.00000000e+000   0.00000000e+000
   0.00000000e+000   0.00000000e+000   1.00000000e+000   0.00000000e+000]
1,[  0.00000000e+00   0.00000000e+00   0.00000000e+00   0.00000000e+00
   0.00000000e+00   0.00000000e+00   0.00000000e+00   2.05320511e-61
   2.49487257e-09   9.99999998e-01   0.00000000e+00   0.00000000e+00
   0.00000000e+00   0.00000000e+00   3.56391208e-39   0.00000000e+00]
1,[ 0.  0.  0.  0.  0.  0.  0.  0.  0.  1.  0.  0.  0.  0.  0.  0.]
7,[  9.99998400e-001   0.00000000e+000   0.00000000e+000   0.00000000e+000
   0.00000000e+000   0.00000000e+000   0.00000000e+000   1.43004188e-179
   1.22247923e-029   1.19724986e-019   3.62999615e-016   0.00000000e+000
   0.00000000e+000   1.06744683e-010   4.00105693e-267   1.60002233e-006]
7,[ 0.  0.  0.  0.  0.  0.  0.  0.  1.  0.  0.  0.  0.  0.  0.  0.]
7,[ 0.  0.  0.  0.  0.  0.  0.  1.  0.  0.  0.  0.  0.  0.  0.  0.]
2,[  9.99775907e-001   0.00000000e+000   0.00000000e+000   0.00000000e+000
   0.00000000e+000   0.00000000e+000   0.00000000e+000   2.02184528e-170
   8.32344530e-025   3.52080479e-015   1.44944296e-008   0.00000000e+000
   0.00000000e+000   2.24078650e-004   1.32555990e-217   1.96940528e-289]
2,[  4.90553331e-007   0.00000000e+000   0.00000000e+000   0.00000000e+000
   0.00000000e+000   0.00000000e+000   0.00000000e+000   2.84238829e-161
   1.04127256e-018   1.92948054e-009   2.21241133e-003   0.00000000e+000
   0.00000000e+000   9.97787096e-001   1.79847588e-180   8.30712185e-023]
2,[  0.00000000e+000   0.00000000e+000   0.00000000e+000   0.00000000e+000
   0.00000000e+000   0.00000000e+000   0.00000000e+000   1.65270779e-166
   1.44840162e-021   6.30484523e-012   4.74942643e-005   0.00000000e+000
   0.00000000e+000   9.99952506e-001   6.59516502e-213   0.00000000e+000]
2,[  9.96475827e-001   0.00000000e+000   0.00000000e+000   0.00000000e+000
   0.00000000e+000   0.00000000e+000   0.00000000e+000   1.64230382e-168
   1.98339258e-023   7.41051236e-014   3.84580952e-007   0.00000000e+000
   0.00000000e+000   3.52378814e-003   4.23947383e-211   9.68890294e-263]
2,[  9.98581813e-001   0.00000000e+000   0.00000000e+000   0.00000000e+000
   0.00000000e+000   0.00000000e+000   0.00000000e+000   8.15442230e-169
   8.86228534e-024   3.25065738e-014   1.66338767e-007   0.00000000e+000
   0.00000000e+000   1.41802041e-003   1.32428285e-210   1.09631224e-176]
2,[  9.99890060e-001   0.00000000e+000   0.00000000e+000   0.00000000e+000
   0.00000000e+000   0.00000000e+000   0.00000000e+000   1.01072636e-170
   4.04444386e-025   1.71053212e-015   7.16226345e-009   0.00000000e+000
   0.00000000e+000   1.09932381e-004   5.28046670e-218   6.86000501e-254]
2,[  0.00000000e+000   0.00000000e+000   0.00000000e+000   0.00000000e+000
   0.00000000e+000   0.00000000e+000   0.00000000e+000   2.86147444e-165
   8.80475836e-021   4.53823360e-011   3.35316423e-004   0.00000000e+000
   0.00000000e+000   9.99664684e-001   1.37964443e-215   0.00000000e+000]
2,[  5.01038101e-030   0.00000000e+000   0.00000000e+000   0.00000000e+000
   0.00000000e+000   0.00000000e+000   0.00000000e+000   2.68408863e-166
   3.49038441e-021   1.38326490e-011   7.71960808e-005   0.00000000e+000
   0.00000000e+000   9.99922804e-001   5.41264665e-211   0.00000000e+000]
2,[  0.00000000e+000   0.00000000e+000   0.00000000e+000   0.00000000e+000
   0.00000000e+000   0.00000000e+000   0.00000000e+000   4.22881046e-157
   3.26261272e-016   2.83635542e-007   9.99999716e-001   0.00000000e+000
   0.00000000e+000   3.22281333e-125   5.41269344e-183   0.00000000e+000]
2,[  9.77190426e-001   0.00000000e+000   0.00000000e+000   0.00000000e+000
   0.00000000e+000   0.00000000e+000   0.00000000e+000   9.36896805e-169
   6.71945167e-023   3.04563373e-013   1.11861926e-006   0.00000000e+000
   0.00000000e+000   2.28084557e-002   8.14449294e-219   0.00000000e+000]
21,[  9.99998849e-001   0.00000000e+000   0.00000000e+000   0.00000000e+000
   0.00000000e+000   0.00000000e+000   0.00000000e+000   1.32667808e-179
   9.06998916e-030   8.74104404e-020   3.49519294e-016   0.00000000e+000
   0.00000000e+000   9.81769204e-011   3.67614967e-266   1.15069174e-006]
21,[  9.99998849e-001   0.00000000e+000   0.00000000e+000   0.00000000e+000
   0.00000000e+000   0.00000000e+000   0.00000000e+000   1.32667808e-179
   9.06998916e-030   8.74104404e-020   3.49519294e-016   0.00000000e+000
   0.00000000e+000   9.81769204e-011   3.67614967e-266   1.15069174e-006]
21,[  9.99998849e-001   0.00000000e+000   0.00000000e+000   0.00000000e+000
   0.00000000e+000   0.00000000e+000   0.00000000e+000   1.32667808e-179
   9.06998916e-030   8.74104404e-020   3.49519294e-016   0.00000000e+000
   0.00000000e+000   9.81769204e-011   3.67614967e-266   1.15069174e-006]
21,[  1.00000000e+000   0.00000000e+000   0.00000000e+000   0.00000000e+000
   0.00000000e+000   0.00000000e+000   0.00000000e+000   1.78288549e-179
   1.02594067e-029   9.84161493e-020   4.41492335e-016   0.00000000e+000
   0.00000000e+000   1.25464096e-010   7.87306555e-266   8.64944121e-035]
21,[  9.99998849e-001   0.00000000e+000   0.00000000e+000   0.00000000e+000
   0.00000000e+000   0.00000000e+000   0.00000000e+000   1.32667808e-179
   9.06998916e-030   8.74104404e-020   3.49519294e-016   0.00000000e+000
   0.00000000e+000   9.81769204e-011   3.67614967e-266   1.15069174e-006]
4,[  9.99999999e-001   0.00000000e+000   0.00000000e+000   0.00000000e+000
   0.00000000e+000   0.00000000e+000   0.00000000e+000   8.81484656e-178
   4.41738034e-030   2.91800348e-020   1.22978675e-014   0.00000000e+000
   0.00000000e+000   1.02811089e-009   2.97947714e-244   2.49790429e-083]
4,[  9.99999988e-001   0.00000000e+000   0.00000000e+000   0.00000000e+000
   0.00000000e+000   0.00000000e+000   0.00000000e+000   2.60340896e-178
   1.93231295e-030   1.30912150e-020   4.26258343e-015   0.00000000e+000
   0.00000000e+000   3.88445028e-010   7.45887532e-246   1.16161193e-008]
4,[  1.00000000e+000   0.00000000e+000   0.00000000e+000   0.00000000e+000
   0.00000000e+000   0.00000000e+000   0.00000000e+000   2.23081302e-178
   1.80210336e-030   1.23401960e-020   3.70798090e-015   0.00000000e+000
   0.00000000e+000   3.55861782e-010   1.86077163e-246   5.39686221e-019]
4,[  1.00000000e+000   0.00000000e+000   0.00000000e+000   0.00000000e+000
   0.00000000e+000   0.00000000e+000   0.00000000e+000   3.29552754e-178
   2.03311362e-030   1.36373312e-020   4.89984986e-015   0.00000000e+000
   0.00000000e+000   4.29939770e-010   1.88960592e-245   4.68598709e-024]
4,[  1.00000000e+000   0.00000000e+000   0.00000000e+000   0.00000000e+000
   0.00000000e+000   0.00000000e+000   0.00000000e+000   2.46431375e-178
   1.73002393e-030   1.17068888e-020   3.90574969e-015   0.00000000e+000
   0.00000000e+000   3.53044226e-010   6.09110031e-246   3.41803312e-015]
4,[  1.00000000e+000   0.00000000e+000   0.00000000e+000   0.00000000e+000
   0.00000000e+000   0.00000000e+000   0.00000000e+000   3.27959918e-178
   2.00640737e-030   1.34698477e-020   4.85158562e-015   0.00000000e+000
   0.00000000e+000   4.29535156e-010   1.70894172e-245   3.45826462e-032]
4,[  1.00000000e+000   0.00000000e+000   0.00000000e+000   0.00000000e+000
   0.00000000e+000   0.00000000e+000   0.00000000e+000   2.84490626e-178
   1.89015907e-030   1.27300879e-020   4.42831671e-015   0.00000000e+000
   0.00000000e+000   3.97044317e-010   1.39829168e-245   2.33731703e-024]
4,[  1.00000000e+000   0.00000000e+000   0.00000000e+000   0.00000000e+000
   0.00000000e+000   0.00000000e+000   0.00000000e+000   2.58800128e-178
   1.89700164e-030   1.28488036e-020   4.20244049e-015   0.00000000e+000
   0.00000000e+000   3.82332298e-010   7.22782014e-246   1.96793011e-012]
4,[  9.99999981e-001   0.00000000e+000   0.00000000e+000   0.00000000e+000
   0.00000000e+000   0.00000000e+000   0.00000000e+000   1.72473866e-176
   7.55207489e-029   4.96330308e-019   2.23044559e-013   0.00000000e+000
   0.00000000e+000   1.85099675e-008   9.17868638e-243   5.12832301e-254]
4,[  9.99999999e-001   0.00000000e+000   0.00000000e+000   0.00000000e+000
   0.00000000e+000   0.00000000e+000   0.00000000e+000   3.03935757e-178
   2.01226509e-030   1.34792083e-020   4.85212316e-015   0.00000000e+000
   0.00000000e+000   4.26823132e-010   3.89258495e-245   6.61070701e-010]
4,[  9.99999999e-001   0.00000000e+000   0.00000000e+000   0.00000000e+000
   0.00000000e+000   0.00000000e+000   0.00000000e+000   2.17020482e-178
   1.75843998e-030   1.20014216e-020   3.66839325e-015   0.00000000e+000
   0.00000000e+000   3.43372265e-010   2.73400533e-246   9.24841691e-010]
4,[  9.99999996e-001   0.00000000e+000   0.00000000e+000   0.00000000e+000
   0.00000000e+000   0.00000000e+000   0.00000000e+000   3.70706913e-178
   2.26432325e-030   1.50664651e-020   5.71989545e-015   0.00000000e+000
   0.00000000e+000   4.89904778e-010   8.85066223e-245   3.14852587e-009]
4,[  9.99999998e-001   0.00000000e+000   0.00000000e+000   0.00000000e+000
   0.00000000e+000   0.00000000e+000   0.00000000e+000   1.93998354e-177
   8.27012635e-030   5.41136326e-020   2.48170891e-014   0.00000000e+000
   0.00000000e+000   2.04241662e-009   1.87482691e-243   3.63025312e-114]
4,[  9.99999971e-001   0.00000000e+000   0.00000000e+000   0.00000000e+000
   0.00000000e+000   0.00000000e+000   0.00000000e+000   2.79795879e-178
   2.09215213e-030   1.41439991e-020   4.67414243e-015   0.00000000e+000
   0.00000000e+000   4.22288304e-010   1.26584721e-245   2.90105409e-008]
4,[  1.00000000e+000   0.00000000e+000   0.00000000e+000   0.00000000e+000
   0.00000000e+000   0.00000000e+000   0.00000000e+000   3.99521244e-178
   2.26779215e-030   1.50361591e-020   5.90183046e-015   0.00000000e+000
   0.00000000e+000   4.97901442e-010   1.15870335e-244   5.41482623e-013]
4,[  9.99999984e-001   0.00000000e+000   0.00000000e+000   0.00000000e+000
   0.00000000e+000   0.00000000e+000   0.00000000e+000   1.13840156e-176
   6.82849168e-029   4.59944666e-019   1.68987769e-013   0.00000000e+000
   0.00000000e+000   1.58500880e-008   7.10106422e-244   8.82414453e-142]
4,[  1.00000000e+000   0.00000000e+000   0.00000000e+000   0.00000000e+000
   0.00000000e+000   0.00000000e+000   0.00000000e+000   2.77576156e-178
   2.16931441e-030   1.48300364e-020   4.57491652e-015   0.00000000e+000
   0.00000000e+000   4.39205641e-010   2.94825204e-246   2.59171346e-032]
4,[  9.99999999e-001   0.00000000e+000   0.00000000e+000   0.00000000e+000
   0.00000000e+000   0.00000000e+000   0.00000000e+000   4.45518195e-178
   2.80928161e-030   1.88636430e-020   6.83924025e-015   0.00000000e+000
   0.00000000e+000   6.18194927e-010   4.20548215e-245   3.66361399e-046]
4,[  1.00000000e+000   0.00000000e+000   0.00000000e+000   0.00000000e+000
   0.00000000e+000   0.00000000e+000   0.00000000e+000   2.69955703e-178
   2.06588790e-030   1.40558111e-020   4.50698246e-015   0.00000000e+000
   0.00000000e+000   4.19309217e-010   5.38593188e-246   1.19039510e-020]
4,[  9.99999905e-001   0.00000000e+000   0.00000000e+000   0.00000000e+000
   0.00000000e+000   0.00000000e+000   0.00000000e+000   3.90804643e-178
   2.49317358e-030   1.65967520e-020   6.24067152e-015   0.00000000e+000
   0.00000000e+000   5.35105533e-010   1.16399459e-244   9.41364948e-008]
4,[  1.00000000e+000   0.00000000e+000   0.00000000e+000   0.00000000e+000
   0.00000000e+000   0.00000000e+000   0.00000000e+000   2.50603200e-178
   1.94345173e-030   1.32960177e-020   4.05989854e-015   0.00000000e+000
   0.00000000e+000   3.86872686e-010   1.90573711e-246   3.65820295e-025]
4,[  9.99999986e-001   0.00000000e+000   0.00000000e+000   0.00000000e+000
   0.00000000e+000   0.00000000e+000   0.00000000e+000   9.38318961e-177
   6.11441642e-029   4.14298986e-019   1.44272751e-013   0.00000000e+000
   0.00000000e+000   1.37654393e-008   2.98742482e-244   1.65529106e-125]
4,[  1.00000000e+000   0.00000000e+000   0.00000000e+000   0.00000000e+000
   0.00000000e+000   0.00000000e+000   0.00000000e+000   2.46401189e-178
   1.82047017e-030   1.23496763e-020   3.98865258e-015   0.00000000e+000
   0.00000000e+000   3.64237610e-010   5.26921890e-246   1.62035872e-011]
4,[  9.99999860e-001   0.00000000e+000   0.00000000e+000   0.00000000e+000
   0.00000000e+000   0.00000000e+000   0.00000000e+000   2.10596195e-178
   1.97620008e-030   1.35934182e-020   3.84146445e-015   0.00000000e+000
   0.00000000e+000   3.68886120e-010   1.61170757e-246   1.39605385e-007]
4,[  9.99999880e-001   0.00000000e+000   0.00000000e+000   0.00000000e+000
   0.00000000e+000   0.00000000e+000   0.00000000e+000   2.62000746e-178
   2.13323475e-030   1.44977883e-020   4.56170977e-015   0.00000000e+000
   0.00000000e+000   4.20374327e-010   7.79976791e-246   1.19931438e-007]
4,[  4.04530294e-003   0.00000000e+000   0.00000000e+000   0.00000000e+000
   0.00000000e+000   0.00000000e+000   0.00000000e+000   6.34802157e-169
   3.99907429e-021   2.73816698e-011   9.35910704e-006   0.00000000e+000
   0.00000000e+000   9.95945338e-001   1.01037858e-236   0.00000000e+000]
4,[  9.99999851e-001   0.00000000e+000   0.00000000e+000   0.00000000e+000
   0.00000000e+000   0.00000000e+000   0.00000000e+000   2.77859188e-178
   2.22836309e-030   1.51126796e-020   4.83585062e-015   0.00000000e+000
   0.00000000e+000   4.42893998e-010   1.12014538e-245   1.48326109e-007]
4,[  9.99999906e-001   0.00000000e+000   0.00000000e+000   0.00000000e+000
   0.00000000e+000   0.00000000e+000   0.00000000e+000   3.69987466e-178
   2.39174339e-030   1.59683397e-020   5.86644069e-015   0.00000000e+000
   0.00000000e+000   5.07358779e-010   6.55574653e-245   9.36183381e-008]
4,[  9.99999999e-001   0.00000000e+000   0.00000000e+000   0.00000000e+000
   0.00000000e+000   0.00000000e+000   0.00000000e+000   3.67806679e-178
   2.25637726e-030   1.50142501e-020   5.70237435e-015   0.00000000e+000
   0.00000000e+000   4.87996673e-010   9.13370769e-245   9.53569924e-010]
4,[  9.99999999e-001   0.00000000e+000   0.00000000e+000   0.00000000e+000
   0.00000000e+000   0.00000000e+000   0.00000000e+000   6.54378729e-178
   3.33909282e-030   2.21227468e-020   9.01547423e-015   0.00000000e+000
   0.00000000e+000   7.72323209e-010   1.60736253e-244   1.48136172e-045]
4,[  1.02394810e-123   0.00000000e+000   0.00000000e+000   0.00000000e+000
   0.00000000e+000   0.00000000e+000   0.00000000e+000   1.07346659e-168
   2.06567113e-021   1.31735721e-011   1.01521202e-005   0.00000000e+000
   0.00000000e+000   9.99989848e-001   1.06526820e-231   0.00000000e+000]
4,[  9.99999999e-001   0.00000000e+000   0.00000000e+000   0.00000000e+000
   0.00000000e+000   0.00000000e+000   0.00000000e+000   1.30006345e-177
   5.03851669e-030   3.26302845e-020   1.65479678e-014   0.00000000e+000
   0.00000000e+000   1.25488985e-009   1.94139877e-243   6.75007882e-043]
5,[  9.99998849e-001   0.00000000e+000   0.00000000e+000   0.00000000e+000
   0.00000000e+000   0.00000000e+000   0.00000000e+000   1.32667808e-179
   9.06998916e-030   8.74104404e-020   3.49519294e-016   0.00000000e+000
   0.00000000e+000   9.81769204e-011   3.67614967e-266   1.15069174e-006]
5,[  9.99998849e-001   0.00000000e+000   0.00000000e+000   0.00000000e+000
   0.00000000e+000   0.00000000e+000   0.00000000e+000   1.32667808e-179
   9.06998916e-030   8.74104404e-020   3.49519294e-016   0.00000000e+000
   0.00000000e+000   9.81769204e-011   3.67614967e-266   1.15069174e-006]
5,[  9.99999513e-001   0.00000000e+000   0.00000000e+000   0.00000000e+000
   0.00000000e+000   0.00000000e+000   0.00000000e+000   1.20832756e-179
   4.21389182e-030   3.86519106e-020   3.44555926e-016   0.00000000e+000
   0.00000000e+000   8.37793910e-011   3.25219388e-263   4.86814938e-007]
5,[  9.99999155e-001   0.00000000e+000   0.00000000e+000   0.00000000e+000
   0.00000000e+000   0.00000000e+000   0.00000000e+000   1.25782229e-179
   6.87023871e-030   6.51387944e-020   3.42112732e-016   0.00000000e+000
   0.00000000e+000   9.16779283e-011   3.47128359e-265   8.44784557e-007]
5,[  9.99998849e-001   0.00000000e+000   0.00000000e+000   0.00000000e+000
   0.00000000e+000   0.00000000e+000   0.00000000e+000   1.32667808e-179
   9.06998916e-030   8.74104404e-020   3.49519294e-016   0.00000000e+000
   0.00000000e+000   9.81769204e-011   3.67614967e-266   1.15069174e-006]
5,[  1.00000000e+000   0.00000000e+000   0.00000000e+000   0.00000000e+000
   0.00000000e+000   0.00000000e+000   0.00000000e+000   1.84349047e-179
   1.06082244e-029   1.01742825e-019   4.56331535e-016   0.00000000e+000
   0.00000000e+000   1.29491777e-010   8.13855899e-266   8.59206994e-032]
5,[  9.99998849e-001   0.00000000e+000   0.00000000e+000   0.00000000e+000
   0.00000000e+000   0.00000000e+000   0.00000000e+000   1.32667808e-179
   9.06998916e-030   8.74104404e-020   3.49519294e-016   0.00000000e+000
   0.00000000e+000   9.81769204e-011   3.67614967e-266   1.15069174e-006]
5,[  1.00000000e+000   0.00000000e+000   0.00000000e+000   0.00000000e+000
   0.00000000e+000   0.00000000e+000   0.00000000e+000   1.80455011e-179
   1.03841332e-029   9.95967047e-020   4.46719124e-016   0.00000000e+000
   0.00000000e+000   1.26785164e-010   7.96698293e-266   2.99839200e-032]
5,[  9.99999366e-001   0.00000000e+000   0.00000000e+000   0.00000000e+000
   0.00000000e+000   0.00000000e+000   0.00000000e+000   1.21924876e-179
   5.32105025e-030   4.96259612e-020   3.40485605e-016   0.00000000e+000
   0.00000000e+000   8.69575678e-011   3.33235431e-264   6.34182512e-007]
5,[  9.99999155e-001   0.00000000e+000   0.00000000e+000   0.00000000e+000
   0.00000000e+000   0.00000000e+000   0.00000000e+000   1.25782229e-179
   6.87023871e-030   6.51387944e-020   3.42112732e-016   0.00000000e+000
   0.00000000e+000   9.16779283e-011   3.47128359e-265   8.44784557e-007]
5,[  9.99999155e-001   0.00000000e+000   0.00000000e+000   0.00000000e+000
   0.00000000e+000   0.00000000e+000   0.00000000e+000   1.25782229e-179
   6.87023871e-030   6.51387944e-020   3.42112732e-016   0.00000000e+000
   0.00000000e+000   9.16779283e-011   3.47128359e-265   8.44784557e-007]
5,[  9.99999155e-001   0.00000000e+000   0.00000000e+000   0.00000000e+000
   0.00000000e+000   0.00000000e+000   0.00000000e+000   1.25782229e-179
   6.87023871e-030   6.51387944e-020   3.42112732e-016   0.00000000e+000
   0.00000000e+000   9.16779283e-011   3.47128359e-265   8.44784557e-007]
6,[  0.00000000e+000   0.00000000e+000   0.00000000e+000   0.00000000e+000
   0.00000000e+000   0.00000000e+000   0.00000000e+000   5.84743007e-163
   8.98568229e-020   2.13079846e-010   5.01759710e-004   0.00000000e+000
   0.00000000e+000   9.99498240e-001   7.06274426e-188   0.00000000e+000]
6,[  9.99999532e-001   0.00000000e+000   0.00000000e+000   0.00000000e+000
   0.00000000e+000   0.00000000e+000   0.00000000e+000   1.20907191e-179
   4.06789439e-030   3.72130390e-020   3.45745515e-016   0.00000000e+000
   0.00000000e+000   8.34026458e-011   4.68974248e-263   4.67612702e-007]
6,[  1.10615049e-032   0.00000000e+000   0.00000000e+000   0.00000000e+000
   0.00000000e+000   0.00000000e+000   0.00000000e+000   1.90797632e-162
   1.57433390e-022   1.20616055e-013   2.24734439e-010   0.00000000e+000
   0.00000000e+000   1.97186035e-009   2.45907565e-158   9.99999998e-001]
6,[ 0.  0.  0.  0.  0.  0.  0.  0.  0.  1.  0.  0.  0.  0.  0.  0.]
6,[  9.99999800e-001   0.00000000e+000   0.00000000e+000   0.00000000e+000
   0.00000000e+000   0.00000000e+000   0.00000000e+000   1.50060499e-179
   1.98367609e-030   1.69004254e-020   4.39596107e-016   0.00000000e+000
   0.00000000e+000   8.53967340e-011   7.56934614e-259   2.00345372e-007]
6,[  1.00000000e+000   0.00000000e+000   0.00000000e+000   0.00000000e+000
   0.00000000e+000   0.00000000e+000   0.00000000e+000   2.04765945e-179
   1.60768736e-029   1.57203176e-019   5.04485174e-016   0.00000000e+000
   0.00000000e+000   1.50911546e-010   7.16154246e-267   3.13122948e-024]
6,[  9.99998849e-001   0.00000000e+000   0.00000000e+000   0.00000000e+000
   0.00000000e+000   0.00000000e+000   0.00000000e+000   1.32667808e-179
   9.06998916e-030   8.74104404e-020   3.49519294e-016   0.00000000e+000
   0.00000000e+000   9.81769204e-011   3.67614967e-266   1.15069174e-006]
6,[  9.99998849e-001   0.00000000e+000   0.00000000e+000   0.00000000e+000
   0.00000000e+000   0.00000000e+000   0.00000000e+000   1.32667808e-179
   9.06998916e-030   8.74104404e-020   3.49519294e-016   0.00000000e+000
   0.00000000e+000   9.81769204e-011   3.67614967e-266   1.15069174e-006]
6,[  1.00000000e+000   0.00000000e+000   0.00000000e+000   0.00000000e+000
   0.00000000e+000   0.00000000e+000   0.00000000e+000   2.04765945e-179
   1.60768736e-029   1.57203176e-019   5.04485174e-016   0.00000000e+000
   0.00000000e+000   1.50911546e-010   7.16154246e-267   3.13122948e-024]
6,[  0.00000000e+000   0.00000000e+000   0.00000000e+000   0.00000000e+000
   0.00000000e+000   0.00000000e+000   0.00000000e+000   4.81002585e-155
   1.64622329e-014   4.30411880e-005   9.99956959e-001   0.00000000e+000
   0.00000000e+000   0.00000000e+000   1.83911169e-158   0.00000000e+000]
6,[  9.99999663e-001   0.00000000e+000   0.00000000e+000   0.00000000e+000
   0.00000000e+000   0.00000000e+000   0.00000000e+000   1.24516248e-179
   3.06397764e-030   2.73779776e-020   3.62795209e-016   0.00000000e+000
   0.00000000e+000   8.15594425e-011   1.16284631e-261   3.37249213e-007]
6,[ 0.  0.  0.  0.  0.  0.  0.  0.  0.  0.  0.  0.  0.  0.  0.  1.]
6,[  9.99999876e-001   0.00000000e+000   0.00000000e+000   0.00000000e+000
   0.00000000e+000   0.00000000e+000   0.00000000e+000   2.88858028e-179
   1.41233823e-030   1.11201818e-020   7.81429460e-016   0.00000000e+000
   0.00000000e+000   1.18158144e-010   3.19575064e-254   1.24363967e-007]
6,[  9.99999872e-001   0.00000000e+000   0.00000000e+000   0.00000000e+000
   0.00000000e+000   0.00000000e+000   0.00000000e+000   1.21124957e-178
   1.71434788e-030   1.21788645e-020   2.54619673e-015   0.00000000e+000
   0.00000000e+000   2.73657301e-010   3.02833950e-248   1.27364701e-007]
6,[  9.99999872e-001   0.00000000e+000   0.00000000e+000   0.00000000e+000
   0.00000000e+000   0.00000000e+000   0.00000000e+000   1.21124957e-178
   1.71434788e-030   1.21788645e-020   2.54619673e-015   0.00000000e+000
   0.00000000e+000   2.73657301e-010   3.02833950e-248   1.27364701e-007]
6,[  0.00000000e+000   0.00000000e+000   0.00000000e+000   0.00000000e+000
   0.00000000e+000   0.00000000e+000   0.00000000e+000   0.00000000e+000
   0.00000000e+000   0.00000000e+000   0.00000000e+000   1.00000000e+000
   0.00000000e+000   0.00000000e+000   0.00000000e+000   1.48070858e-185]
6,[  9.99999800e-001   0.00000000e+000   0.00000000e+000   0.00000000e+000
   0.00000000e+000   0.00000000e+000   0.00000000e+000   1.50109542e-179
   1.98284432e-030   1.68923598e-020   4.39731441e-016   0.00000000e+000
   0.00000000e+000   8.54076314e-011   7.62907928e-259   2.00240713e-007]
6,[ 0.  0.  0.  0.  0.  0.  0.  0.  0.  0.  0.  0.  0.  0.  0.  1.]
6,[  9.99999865e-001   0.00000000e+000   0.00000000e+000   0.00000000e+000
   0.00000000e+000   0.00000000e+000   0.00000000e+000   2.35397478e-179
   1.47532041e-030   1.18506444e-020   6.56254950e-016   0.00000000e+000
   0.00000000e+000   1.05840757e-010   2.16660953e-255   1.34425162e-007]
6,[  0.00000000e+000   0.00000000e+000   0.00000000e+000   0.00000000e+000
   0.00000000e+000   0.00000000e+000   0.00000000e+000   0.00000000e+000
   0.00000000e+000   0.00000000e+000   0.00000000e+000   1.00000000e+000
   0.00000000e+000   0.00000000e+000   0.00000000e+000   4.69467845e-159]
6,[  9.99998670e-001   0.00000000e+000   0.00000000e+000   0.00000000e+000
   0.00000000e+000   0.00000000e+000   0.00000000e+000   1.36817123e-179
   1.03353023e-029   1.00324849e-019   3.54753376e-016   0.00000000e+000
   0.00000000e+000   1.01720348e-010   1.36243686e-266   1.32958715e-006]
6,[  9.99998982e-001   0.00000000e+000   0.00000000e+000   0.00000000e+000
   0.00000000e+000   0.00000000e+000   0.00000000e+000   1.29604832e-179
   8.11979854e-030   7.77594424e-020   3.45934959e-016   0.00000000e+000
   0.00000000e+000   9.54191518e-011   8.78509056e-266   1.01768796e-006]
6,[  9.99999533e-001   0.00000000e+000   0.00000000e+000   0.00000000e+000
   0.00000000e+000   0.00000000e+000   0.00000000e+000   1.20914121e-179
   4.05901578e-030   3.71256031e-020   3.45824898e-016   0.00000000e+000
   0.00000000e+000   8.33802624e-011   4.79834227e-263   4.66446825e-007]
6,[  9.99999533e-001   0.00000000e+000   0.00000000e+000   0.00000000e+000
   0.00000000e+000   0.00000000e+000   0.00000000e+000   1.20911781e-179
   4.06197208e-030   3.71547156e-020   3.45798372e-016   0.00000000e+000
   0.00000000e+000   8.33877082e-011   4.76186585e-263   4.66835001e-007]
6,[  9.99999209e-001   0.00000000e+000   0.00000000e+000   0.00000000e+000
   0.00000000e+000   0.00000000e+000   0.00000000e+000   1.24675752e-179
   6.47852260e-030   6.12011274e-020   3.41259060e-016   0.00000000e+000
   0.00000000e+000   9.04850010e-011   5.72995495e-265   7.91107672e-007]
6,[  9.99899159e-001   0.00000000e+000   0.00000000e+000   0.00000000e+000
   0.00000000e+000   0.00000000e+000   0.00000000e+000   2.22816946e-173
   2.57773253e-027   1.17110327e-017   3.46077359e-011   0.00000000e+000
   0.00000000e+000   7.26561689e-007   7.99470540e-223   1.00113913e-004]
6,[  1.95590027e-003   0.00000000e+000   0.00000000e+000   0.00000000e+000
   0.00000000e+000   0.00000000e+000   0.00000000e+000   3.21496720e-167
   4.57748867e-023   1.28995294e-013   4.56096241e-007   0.00000000e+000
   0.00000000e+000   1.38484000e-003   4.41987993e-199   9.96658804e-001]
6,[  1.95590027e-003   0.00000000e+000   0.00000000e+000   0.00000000e+000
   0.00000000e+000   0.00000000e+000   0.00000000e+000   3.21496720e-167
   4.57748867e-023   1.28995294e-013   4.56096241e-007   0.00000000e+000
   0.00000000e+000   1.38484000e-003   4.41987993e-199   9.96658804e-001]
12,[  9.99999376e-001   0.00000000e+000   0.00000000e+000   0.00000000e+000
   0.00000000e+000   0.00000000e+000   0.00000000e+000   5.24759572e-175
   2.42389452e-027   1.60741280e-017   6.92437523e-012   0.00000000e+000
   0.00000000e+000   6.24318502e-007   1.69822571e-241   2.95946643e-280]
11,[  9.99999999e-001   0.00000000e+000   0.00000000e+000   0.00000000e+000
   0.00000000e+000   0.00000000e+000   0.00000000e+000   2.83476879e-178
   1.96138411e-030   1.32057901e-020   4.54432552e-015   0.00000000e+000
   0.00000000e+000   4.05549369e-010   1.73098857e-245   1.48223892e-010]
10,[  9.99999999e-001   0.00000000e+000   0.00000000e+000   0.00000000e+000
   0.00000000e+000   0.00000000e+000   0.00000000e+000   2.83011883e-178
   1.96930461e-030   1.32634673e-020   4.54896658e-015   0.00000000e+000
   0.00000000e+000   4.06330741e-010   1.67673271e-245   3.32235388e-010]
11,[  8.82013204e-071   0.00000000e+000   0.00000000e+000   0.00000000e+000
   0.00000000e+000   0.00000000e+000   0.00000000e+000   2.61953048e-169
   5.79265336e-021   4.46028774e-011   5.81715477e-006   0.00000000e+000
   0.00000000e+000   9.99994183e-001   3.26936220e-242   0.00000000e+000]
10,[  1.23578756e-049   0.00000000e+000   0.00000000e+000   0.00000000e+000
   0.00000000e+000   0.00000000e+000   0.00000000e+000   3.86169943e-169
   6.28582645e-021   4.70924647e-011   7.48011819e-006   0.00000000e+000
   0.00000000e+000   9.99992520e-001   2.71944506e-242   0.00000000e+000]
12,[  0.00000000e+000   0.00000000e+000   0.00000000e+000   0.00000000e+000
   0.00000000e+000   0.00000000e+000   0.00000000e+000   1.54593668e-168
   1.96160983e-020   2.00258003e-010   2.14626739e-005   0.00000000e+000
   0.00000000e+000   9.99978537e-001   5.87683523e-245   0.00000000e+000]
12,[  0.00000000e+000   0.00000000e+000   0.00000000e+000   0.00000000e+000
   0.00000000e+000   0.00000000e+000   0.00000000e+000   1.46744329e-168
   1.83404397e-020   1.86694264e-010   2.03667017e-005   0.00000000e+000
   0.00000000e+000   9.99979633e-001   6.33029135e-245   0.00000000e+000]
12,[  0.00000000e+000   0.00000000e+000   0.00000000e+000   0.00000000e+000
   0.00000000e+000   0.00000000e+000   0.00000000e+000   3.81766633e-163
   2.87428185e-016   2.57220293e-006   9.99991363e-001   0.00000000e+000
   0.00000000e+000   6.06454101e-006   6.50493043e-236   0.00000000e+000]
10,[  0.00000000e+000   0.00000000e+000   0.00000000e+000   0.00000000e+000
   0.00000000e+000   0.00000000e+000   0.00000000e+000   5.13552225e-169
   5.75304128e-021   4.89574264e-011   9.34351692e-006   0.00000000e+000
   0.00000000e+000   9.99990656e-001   2.50270469e-240   0.00000000e+000]
8,[  0.00000000e+000   0.00000000e+000   0.00000000e+000   0.00000000e+000
   0.00000000e+000   0.00000000e+000   0.00000000e+000   2.19159977e-126
   1.30109733e-040   1.00000000e+000   0.00000000e+000   0.00000000e+000
   0.00000000e+000   0.00000000e+000   2.47032823e-323   0.00000000e+000]
11,[  0.00000000e+000   0.00000000e+000   0.00000000e+000   0.00000000e+000
   0.00000000e+000   0.00000000e+000   0.00000000e+000   3.09711275e-169
   1.17827144e-020   1.17326417e-010   5.59858328e-006   0.00000000e+000
   0.00000000e+000   9.99994401e-001   2.49171324e-248   0.00000000e+000]
9,[  0.00000000e+000   0.00000000e+000   0.00000000e+000   0.00000000e+000
   0.00000000e+000   0.00000000e+000   0.00000000e+000   4.61921663e-165
   1.71405311e-020   8.78745667e-011   8.21787273e-004   0.00000000e+000
   0.00000000e+000   9.99178213e-001   2.27932916e-212   0.00000000e+000]
8,[  0.00000000e+000   0.00000000e+000   0.00000000e+000   0.00000000e+000
   0.00000000e+000   0.00000000e+000   0.00000000e+000   6.09236278e-167
   1.80337479e-021   9.58709982e-012   4.59016774e-005   0.00000000e+000
   0.00000000e+000   9.99954098e-001   5.44134370e-220   0.00000000e+000]
9,[  0.00000000e+000   0.00000000e+000   0.00000000e+000   0.00000000e+000
   0.00000000e+000   0.00000000e+000   0.00000000e+000   5.40436001e-158
   5.11686634e-014   6.17413569e-004   9.99382586e-001   0.00000000e+000
   0.00000000e+000   0.00000000e+000   6.06907616e-219   0.00000000e+000]
8,[  0.00000000e+000   0.00000000e+000   0.00000000e+000   0.00000000e+000
   0.00000000e+000   0.00000000e+000   0.00000000e+000   1.16728614e-166
   1.02054073e-019   8.38736709e-010   4.70359209e-004   0.00000000e+000
   0.00000000e+000   9.99529640e-001   1.92259964e-236   0.00000000e+000]
17,[  9.77214304e-001   0.00000000e+000   0.00000000e+000   0.00000000e+000
   0.00000000e+000   0.00000000e+000   0.00000000e+000   1.77236402e-170
   8.81170568e-023   5.94514136e-013   2.31265643e-007   0.00000000e+000
   0.00000000e+000   2.27854645e-002   6.73165017e-238   0.00000000e+000]
10,[  1.00000000e+000   0.00000000e+000   0.00000000e+000   0.00000000e+000
   0.00000000e+000   0.00000000e+000   0.00000000e+000   8.46313027e-179
   1.55387951e-029   1.37734384e-019   2.10186935e-015   0.00000000e+000
   0.00000000e+000   4.75813077e-010   9.73134533e-261   1.71600123e-060]
13,[  9.99999999e-001   0.00000000e+000   0.00000000e+000   0.00000000e+000
   0.00000000e+000   0.00000000e+000   0.00000000e+000   1.26319250e-177
   6.53736867e-030   4.30977467e-020   1.91235897e-014   0.00000000e+000
   0.00000000e+000   1.41658832e-009   1.05704878e-244   3.30592955e-014]
8,[  0.00000000e+000   0.00000000e+000   0.00000000e+000   0.00000000e+000
   0.00000000e+000   0.00000000e+000   0.00000000e+000   1.31909191e-163
   1.26188743e-015   1.96691434e-005   9.99980331e-001   0.00000000e+000
   0.00000000e+000   0.00000000e+000   6.88508655e-232   0.00000000e+000]
9,[  0.00000000e+000   0.00000000e+000   0.00000000e+000   0.00000000e+000
   0.00000000e+000   0.00000000e+000   0.00000000e+000   1.21747165e-294
   1.07683189e-123   1.00000000e+000   0.00000000e+000   0.00000000e+000
   0.00000000e+000   0.00000000e+000   0.00000000e+000   0.00000000e+000]
8,[  0.00000000e+000   0.00000000e+000   0.00000000e+000   0.00000000e+000
   0.00000000e+000   0.00000000e+000   0.00000000e+000   1.47299864e-168
   8.21503137e-020   9.54193612e-010   1.27255998e-005   0.00000000e+000
   0.00000000e+000   9.99987273e-001   1.73102353e-254   0.00000000e+000]
